27 <--# of nodes, 163 edges
1 2
1 3
1 5
1 6
1 8
1 11
1 13
1 14
1 15
1 16
1 18
1 19
1 20
1 21
1 22
1 24
1 25
1 27
2 3
2 4
2 5
2 6
2 10
2 11
2 12
2 13
2 15
2 16
2 17
2 21
2 22
2 23
2 25
2 26
2 27
3 4
3 5
3 6
3 7
3 10
3 11
3 13
3 15
3 16
3 17
3 21
3 23
3 25
3 26
4 5
4 6
4 10
4 17
4 23
5 6
5 7
5 10
5 11
5 13
5 15
5 16
5 17
5 21
5 23
5 25
5 26
6 7
6 10
6 11
6 12
6 13
6 15
6 16
6 17
6 21
6 23
6 25
6 26
7 17
7 21
7 23
7 25
7 26
8 14
8 18
8 19
8 22
8 24
8 27
9 24
9 26
9 19
9 18
9 14
10 17
10 19
10 23
10 25
11 12
11 13
11 15
11 16
11 17
11 21
11 22
11 23
11 25
11 26
11 27
12 25
13 15
13 16
13 18
13 19
13 20
13 22
13 25
13 27
14 18
14 19
14 22
14 24
14 27
15 16
15 17
15 18
15 20
15 21
15 22
15 23
15 25
15 27
16 17
16 19
16 20
16 21
16 22
16 23
16 24
16 25
17 21
17 23
17 25
18 19
18 22
18 24
18 27
19 22
19 24
19 25
19 27
20 21
20 22
21 23
21 25
21 26
22 24
22 25
22 27
23 25
23 26
24 27
25 26
