46 <--# of nodes, 349 edges
1 43
1 36
1 37
1 6
1 39
1 8
1 9
1 10
1 7
1 44
1 45
1 46
1 15
1 11
1 18
1 25
1 29
1 30
1 31
2 36
2 5
2 6
2 7
2 8
2 41
2 39
2 13
2 15
2 17
2 18
2 21
2 27
2 28
2 29
2 30
2 31
3 5
3 8
3 9
3 10
3 43
3 12
3 18
3 19
3 21
3 22
3 25
3 26
3 31
4 11
4 41
4 35
4 31
5 6
5 8
5 9
5 10
5 43
5 13
5 18
5 19
5 21
5 22
5 25
5 26
5 31
6 7
6 8
6 10
6 13
6 16
6 18
6 24
6 27
6 28
6 29
6 30
6 31
6 32
6 33
6 35
6 36
6 38
6 39
6 41
6 43
6 44
7 8
7 9
7 10
7 13
7 14
7 16
7 18
7 25
7 27
7 29
7 30
7 31
7 33
7 35
7 36
7 39
7 41
7 43
7 44
7 45
8 9
8 10
8 43
8 12
8 14
8 18
8 19
8 20
8 21
8 22
8 25
8 26
8 31
8 30
8 37
9 38
9 41
9 10
9 43
9 14
9 33
9 18
9 19
9 21
9 22
9 25
9 26
9 31
9 37
10 15
10 16
10 17
10 18
10 19
10 22
10 24
10 25
10 26
10 30
10 31
10 32
10 36
10 37
10 39
10 40
10 41
10 43
11 32
11 34
11 35
11 39
11 40
11 41
11 13
11 15
11 16
11 17
11 18
11 23
11 24
11 36
11 30
11 31
12 43
12 26
12 30
13 14
13 16
13 17
13 18
13 21
13 24
13 26
13 27
13 29
13 30
13 31
13 33
13 35
13 36
13 38
13 39
13 41
13 43
13 44
14 33
14 36
14 38
14 43
14 44
14 18
14 41
15 32
15 36
15 37
15 39
15 46
15 16
15 17
15 23
15 24
15 30
16 32
16 34
16 35
16 36
16 40
16 41
16 17
16 18
16 23
16 24
16 39
16 27
16 42
16 30
16 31
17 32
17 35
17 39
17 40
17 41
17 18
17 23
17 24
17 30
18 19
18 21
18 22
18 24
18 25
18 28
18 29
18 30
18 31
18 33
18 35
18 36
18 38
18 39
18 41
18 43
18 44
19 43
19 20
19 21
19 22
19 25
19 30
20 43
21 43
21 30
22 43
22 25
23 32
23 35
23 39
23 40
23 41
23 24
23 31
24 32
24 35
24 36
24 39
24 40
24 41
24 31
25 43
25 31
26 36
26 43
26 44
26 31
26 29
26 30
26 37
27 35
27 36
27 44
27 29
27 30
27 31
28 31
29 36
29 43
29 44
29 30
29 31
30 31
30 32
30 36
30 37
30 39
30 43
30 44
30 46
31 32
31 35
31 36
31 38
31 39
31 41
31 43
31 44
32 35
32 39
32 40
32 41
33 35
33 36
33 38
33 44
33 45
33 41
34 40
34 39
35 40
35 41
35 36
35 39
36 37
36 38
36 39
36 41
36 43
36 44
36 45
36 46
37 43
37 46
38 44
38 41
39 40
39 41
39 43
40 41
41 44
41 46
43 44
44 45
