27 <--# of nodes, 163 edges
1 2 0.8400738348246556
1 3 0.8002918514226071
1 5 0.7372591796582117
1 6 0.7335204190287881
1 8 0.21076957660913764
1 11 0.4119581086010694
1 13 0.8959656531673514
1 14 0.7510581513634313
1 15 0.9524862764768981
1 16 0.3576484920216392
1 18 0.09817317881965293
1 19 0.8227067593445619
1 20 0.2285362460018705
1 21 0.8558324917340436
1 22 0.20956802610135616
1 24 0.603401317323269
1 25 0.9572496064912664
1 27 0.6298300263282015
2 3 0.2995350889939965
2 4 0.18732584403326802
2 5 0.2763159648644776
2 6 0.2339385739767621
2 10 0.5430398543761212
2 11 0.6538561111812295
2 12 0.5408218454521612
2 13 0.6328104862103239
2 15 0.2155264411863962
2 16 0.23459789363819095
2 17 0.7010127685228441
2 21 0.6674688262691859
2 22 0.36858499463644023
2 23 0.08066671889658794
2 25 0.05721859870413171
2 26 0.05598947964533596
2 27 0.7666538634812914
3 4 0.7229468690901604
3 5 0.7575175040875874
3 6 0.9144137839859829
3 7 0.5624711833258202
3 10 0.27706924623647333
3 11 0.7378431016543879
3 13 0.9596895306162576
3 15 0.08087989377981752
3 16 0.25366609494279035
3 17 0.056920919426117766
3 21 0.7578068670222233
3 23 0.36072534016518887
3 25 0.17127076234177163
3 26 0.6310666659907939
4 5 0.955017334859156
4 6 0.9227401543799247
4 10 0.2308197076608386
4 17 0.1529688996498132
4 23 0.3503017889004417
5 6 0.7708187727189503
5 7 0.8865016053838228
5 10 0.8638209719557599
5 11 0.5728838001788921
5 13 0.552961561932625
5 15 0.14978074108763695
5 16 0.6867168260559099
5 17 0.9212276049487523
5 21 0.4151487480335426
5 23 0.67260484512422
5 25 0.41064121373147766
5 26 0.0045861820162275135
6 7 0.8966897120853242
6 10 0.09357260028321945
6 11 0.2120620797767887
6 12 0.42133202041566853
6 13 0.2770241918538061
6 15 0.979427336612479
6 16 0.2229549639010725
6 17 0.13143324500269582
6 21 0.4239352889938439
6 23 0.6255219183303621
6 25 0.6811787501113806
6 26 0.4657433843129154
7 17 0.026436608929081507
7 21 0.7273758506887885
7 23 0.22620466092320224
7 25 0.7133325416301343
7 26 0.8947468194690934
8 14 0.44945188079364196
8 18 0.6604445233605474
8 19 0.9033233205738779
8 22 0.8852829012231591
8 24 0.8657098610091013
8 27 0.25818151139028034
9 24 0.1665297644723407
9 26 0.3555381496970833
9 19 0.6291125339172483
9 18 0.06196108962085223
9 14 0.23289279935514007
10 17 0.12068403181330978
10 19 0.04789884627915442
10 23 0.5508299350411574
10 25 0.04618791779375597
11 12 0.708507793465946
11 13 0.13160489899523575
11 15 0.9560286638232849
11 16 0.3058998342973607
11 17 0.8759692559808018
11 21 0.5589306471342658
11 22 0.4313096988768528
11 23 0.7946195913485888
11 25 0.0376289390672615
11 26 0.6133786750488822
11 27 0.33046663756630823
12 25 0.41229706353147955
13 15 0.5998703436329642
13 16 0.7671575326005667
13 18 0.5024947382497381
13 19 0.3969472130143924
13 20 0.7414319464026672
13 22 0.7409669669491946
13 25 0.822423831816901
13 27 0.5701424169124079
14 18 0.24798105449895413
14 19 0.3101963407412226
14 22 0.20985155923483811
14 24 0.09172002650739441
14 27 0.11745632880691081
15 16 0.45135972759815257
15 17 0.8841019874663775
15 18 0.9107327466095955
15 20 0.7119732341026551
15 21 0.6707707863043668
15 22 0.29010472813231936
15 23 0.7206779943062678
15 25 0.012753532496496023
15 27 0.509073190369502
16 17 0.9745985940162911
16 19 0.8332321240791049
16 20 0.2264128310858785
16 21 0.20829673288292494
16 22 0.1152277675272314
16 23 0.2845833175523519
16 24 0.14529375162859093
16 25 0.501705974572719
17 21 0.9023006682643262
17 23 0.2395182390670818
17 25 0.2221537273867945
18 19 0.5894323305540932
18 22 0.8163334695610099
18 24 0.6533392729818283
18 27 0.142464267676345
19 22 0.6915338135458837
19 24 0.31845373330564775
19 25 0.14304349156473184
19 27 0.6025292319971798
20 21 0.48892058233758884
20 22 0.1757009151739678
21 23 0.713818684375338
21 25 0.8197780818204766
21 26 0.8299986992110746
22 24 0.9228271941867898
22 25 0.9919070241900069
22 27 0.8984824072319982
23 25 0.10179677125799713
23 26 0.6211815882836941
24 27 0.6649918427356242
25 26 0.7096873041833235
