31 <--# of nodes, 211 edges
1 2 0.8121533479060652
1 3 0.4068613720909505
1 4 0.5051933520726056
1 5 0.024576316142599475
1 6 0.4286947840432246
1 7 0.08557911192007206
1 8 0.8976697700812599
1 9 0.8442199581956041
1 10 0.7209079844390034
1 11 0.6680974061146625
1 12 0.32397487132106895
1 13 0.29240186678834257
1 14 0.5116250651132553
1 15 0.06593361679970922
1 16 0.8390252299015697
17 3 0.719677905993528
17 4 0.4467569951151432
17 16 0.7379703077935676
17 9 0.8812862423496626
17 18 0.31674649182928216
17 11 0.22080468307270706
17 19 0.28566699355939007
17 10 0.4963218468282634
17 13 0.13570293996462734
17 14 0.46631702795507346
17 15 0.10701261597778655
20 21 0.5375116562720035
20 5 0.8405288467333129
20 22 0.23177411372039047
20 8 0.6518724897929021
20 9 0.7483317192870678
20 23 0.3746588333638783
20 11 0.6027735830394418
20 24 0.49144724982472665
20 12 0.14270002176448926
20 25 0.9742272214525202
20 26 0.5018485539001446
20 15 0.21516891061477694
16 3 0.05429340458039811
16 4 0.7385955158972107
16 5 0.08351948980872692
16 6 0.5817008896310587
16 7 0.32992747929828314
16 2 0.2641201293590326
16 9 0.763982659499063
16 10 0.21766388140210524
16 11 0.9462451022957759
16 8 0.33668251249092984
16 18 0.6851911161631209
16 13 0.10411067281672715
16 14 0.4497495000181253
16 19 0.2051200113325765
16 15 0.7178161392478832
22 21 0.4455934670851691
22 8 0.5497335439973025
22 9 0.06828841802278507
22 23 0.5591569204503996
22 11 0.11537233141760805
22 24 0.8044740034238498
22 12 0.7397507222723962
22 13 0.05239264503689023
22 14 0.05798830553310008
22 26 0.8489713859875196
22 25 0.16042590833953774
22 10 0.8172243942056991
9 23 0.5155829241314256
9 11 0.2627273480501022
9 24 0.8620763346982475
9 12 0.9376652907432381
9 26 0.11905632875005656
9 2 0.20537616626951538
9 3 0.6385388246441241
9 7 0.9138049269897499
9 10 0.8260719908151223
9 15 0.7625287260142667
9 21 0.4718944864179142
9 19 0.2991810103851993
9 13 0.049791371518861594
9 14 0.9963698917173206
9 4 0.9257989330373044
9 5 0.028678783881074144
9 18 0.1995694877433366
9 25 0.06447602730907498
23 21 0.8303215813586889
23 8 0.6673717140765216
23 11 0.721962798905423
23 24 0.6161325864586851
23 12 0.05326209427997153
23 13 0.3970385174662441
23 14 0.5885223163796586
23 26 0.3752192613099129
23 25 0.20942704927496547
23 5 0.6079391711590484
23 15 0.7729542978329769
11 15 0.9343714141402392
11 24 0.7450281435583135
11 26 0.07768059926092674
11 2 0.34105839302802776
11 3 0.5448784315648112
11 10 0.9258874010960311
11 21 0.19618200406099573
11 8 0.04188540680484654
11 19 0.07594041220703496
11 13 0.9397908557938771
11 14 0.08634483599320597
11 4 0.6498219233526802
11 5 0.3018201050657585
11 18 0.3067750513496388
11 25 0.13790828845134095
24 10 0.4239643716389444
24 21 0.2579577255799993
24 12 0.011100838360555976
24 25 0.47902748572195053
24 26 0.6818830429311245
24 14 0.6562502684826166
24 18 0.9500311915255785
24 8 0.3744019307988006
12 8 0.5755511953656931
12 15 0.6936598568471183
12 21 0.22117391334347913
12 10 0.9260265553625763
12 25 0.8838709036873051
12 26 0.9074422840598949
26 21 0.2981904188109076
26 13 0.9731473608424533
26 14 0.7330145042816326
26 25 0.8989683253338161
26 15 0.8389768152500078
27 28 0.4875596903162793
27 29 0.4380250721638814
27 30 0.38164368831927764
27 31 0.4901370291136672
2 4 0.7706893597736002
2 5 0.30882074985919195
2 6 0.9475946569682621
2 8 0.37670501135435597
2 10 0.38796236759465597
2 19 0.865954592062018
2 18 0.13290082512695656
2 13 0.3616108576977326
2 14 0.8783383979861726
3 4 0.3974424042143736
3 6 0.8597380613238544
3 8 0.15747233567242025
3 18 0.4953019297952751
3 19 0.2873105053469166
3 10 0.379761871395934
3 13 0.6141701725287385
3 14 0.6919046208221331
3 7 0.40114117758799783
3 15 0.9888876709916383
31 28 0.12326207308233927
31 29 0.09059608410993536
31 30 0.3154487122475419
10 4 0.9789630839907266
10 5 0.593132925235001
10 18 0.3054087318260712
10 8 0.8103473082733995
10 15 0.46364044671845606
10 7 0.7858252816222466
10 19 0.06739955706588274
10 6 0.8719812158059882
15 4 0.733204952555251
15 21 0.13280958947103283
15 13 0.9411407335903971
15 14 0.7067938950763707
15 19 0.24793463253558667
15 18 0.5878564661942735
15 5 0.3462230334159516
15 8 0.2914617042155232
21 8 0.6607883829729057
21 25 0.2413402371207264
21 14 0.8608194049935182
21 5 0.11014663562392546
8 25 0.7626557265094861
8 7 0.6879940269644994
8 19 0.3961243172925669
8 4 0.04017910170698258
8 18 0.8841378736986145
8 6 0.2718784495826252
19 4 0.8146270518249923
19 5 0.14461727359410126
19 7 0.36767766237229915
19 18 0.2937290311466446
19 13 0.4336328836993827
19 14 0.00779325683581511
19 6 0.34954204519026444
29 28 0.2907640335228978
29 6 0.38151033609737783
29 30 0.9299169253479397
13 4 0.6846604841276361
13 5 0.333872717365131
13 18 0.16323029699165015
13 25 0.8875543114203914
13 14 0.9591367678317322
13 7 0.7629721489406698
13 6 0.10238752035802445
14 7 0.8994675636422812
14 18 0.9524611597737068
14 25 0.9674042741556357
14 6 0.8513865130214766
28 30 0.9127888601700098
4 5 0.17219514540666636
4 6 0.15185763697333532
4 18 0.572745257902275
4 7 0.2869501937671106
5 6 0.8044066930536533
5 18 0.14752596289510844
7 6 0.7441802085160129
6 18 0.006818926602151665
18 25 0.3234610005949683
