31 <--# of nodes, 211 edges
1 2
1 3
1 4
1 5
1 6
1 7
1 8
1 9
1 10
1 11
1 12
1 13
1 14
1 15
1 16
17 3
17 4
17 16
17 9
17 18
17 11
17 19
17 10
17 13
17 14
17 15
20 21
20 5
20 22
20 8
20 9
20 23
20 11
20 24
20 12
20 25
20 26
20 15
16 3
16 4
16 5
16 6
16 7
16 2
16 9
16 10
16 11
16 8
16 18
16 13
16 14
16 19
16 15
22 21
22 8
22 9
22 23
22 11
22 24
22 12
22 13
22 14
22 26
22 25
22 10
9 23
9 11
9 24
9 12
9 26
9 2
9 3
9 7
9 10
9 15
9 21
9 19
9 13
9 14
9 4
9 5
9 18
9 25
23 21
23 8
23 11
23 24
23 12
23 13
23 14
23 26
23 25
23 5
23 15
11 15
11 24
11 26
11 2
11 3
11 10
11 21
11 8
11 19
11 13
11 14
11 4
11 5
11 18
11 25
24 10
24 21
24 12
24 25
24 26
24 14
24 18
24 8
12 8
12 15
12 21
12 10
12 25
12 26
26 21
26 13
26 14
26 25
26 15
27 28
27 29
27 30
27 31
2 4
2 5
2 6
2 8
2 10
2 19
2 18
2 13
2 14
3 4
3 6
3 8
3 18
3 19
3 10
3 13
3 14
3 7
3 15
31 28
31 29
31 30
10 4
10 5
10 18
10 8
10 15
10 7
10 19
10 6
15 4
15 21
15 13
15 14
15 19
15 18
15 5
15 8
21 8
21 25
21 14
21 5
8 25
8 7
8 19
8 4
8 18
8 6
19 4
19 5
19 7
19 18
19 13
19 14
19 6
29 28
29 6
29 30
13 4
13 5
13 18
13 25
13 14
13 7
13 6
14 7
14 18
14 25
14 6
28 30
4 5
4 6
4 18
4 7
5 6
5 18
7 6
6 18
18 25
