42 <--# of nodes, 152 edges
1 2
1 3
1 4
1 5
1 6
1 7
1 8
1 9
1 10
1 11
1 12
1 13
14 2
14 15
14 16
14 17
14 8
14 18
14 19
14 13
16 20
16 15
16 19
16 17
16 8
16 18
16 2
16 13
21 2
21 22
21 23
21 24
21 25
26 2
26 27
26 28
26 22
26 25
18 20
18 15
18 19
18 17
18 8
18 3
18 29
18 2
18 13
18 30
31 6
31 32
31 33
19 15
19 17
19 8
19 2
19 13
19 5
34 12
34 35
3 13
3 29
3 2
3 7
3 30
15 17
15 8
15 2
15 13
6 4
6 5
6 33
6 12
6 32
6 11
6 9
6 8
6 2
6 13
17 8
17 2
17 13
32 33
9 4
9 5
9 12
9 11
9 8
9 2
9 13
29 30
13 12
13 8
13 7
13 11
13 4
13 2
13 5
22 28
22 25
22 27
22 23
22 36
22 2
22 24
28 27
28 2
28 25
25 5
25 27
25 24
25 2
25 37
25 23
4 5
4 11
4 8
4 2
4 12
38 10
38 39
38 40
11 5
11 8
11 12
11 2
40 10
40 41
40 42
40 39
36 27
36 24
10 8
10 39
41 42
41 39
2 8
2 23
2 20
2 5
2 7
2 27
2 12
2 37
2 24
27 24
5 37
5 12
5 8
39 42
35 12
8 12
24 23
