42 <--# of nodes, 152 edges
1 2 0.13218391928419448
1 3 0.4050776446088581
1 4 0.9046314148689626
1 5 0.9726148663700109
1 6 0.8064781622780341
1 7 0.6924724108268828
1 8 0.7226873705840579
1 9 0.7756511896696368
1 10 0.304245149809272
1 11 0.4119389485408068
1 12 0.6806069359635882
1 13 0.6605010785212929
14 2 0.8466052110888947
14 15 0.910772003603905
14 16 0.8176249004565525
14 17 0.6582315516041917
14 8 0.6286102198628906
14 18 0.07428083445781664
14 19 0.505729530059945
14 13 0.34457197234349635
16 20 0.7717167361549357
16 15 0.047403091932339825
16 19 0.8274899523221708
16 17 0.010694405906572113
16 8 0.630183101959969
16 18 0.8070893033174426
16 2 0.28063377915906895
16 13 0.9766331078088629
21 2 0.6268048139516014
21 22 0.8733935006372433
21 23 0.9168788624477665
21 24 0.11273357514400051
21 25 0.6296878354058424
26 2 0.5150327226942141
26 27 0.4678105763455592
26 28 0.800384100153354
26 22 0.030132725246844516
26 25 0.14305522211378818
18 20 0.6017767479100957
18 15 0.69695757270735
18 19 0.5428729832561613
18 17 0.4735083547723594
18 8 0.015902585533553282
18 3 0.682502208340376
18 29 0.7958843049365825
18 2 0.676587546364536
18 13 0.26755832654510947
18 30 0.3056971726655118
31 6 0.07709485967234175
31 32 0.8581519800434738
31 33 0.766278013517243
19 15 0.3710008120835918
19 17 0.7226809176418322
19 8 0.48593441167611817
19 2 0.7532354075257816
19 13 0.7041310222854995
19 5 0.3932841980420625
34 12 0.9656354998637505
34 35 0.45541284879229393
3 13 0.44405239262826435
3 29 0.8219356910156118
3 2 0.5790744395983898
3 7 0.7038950012373489
3 30 0.6870421509038812
15 17 0.3308417663002846
15 8 0.9950497002616941
15 2 0.7267800839098021
15 13 0.6680819070517628
6 4 0.17725586552359973
6 5 0.4115852143792562
6 33 0.05810893062885536
6 12 0.1056061934773459
6 32 0.5730427983986873
6 11 0.26094594987259756
6 9 0.7416229972950014
6 8 0.18645360837087532
6 2 0.4388908638575415
6 13 0.014779565129776961
17 8 0.015136026604445796
17 2 0.23514056401280992
17 13 0.6709870014154431
32 33 0.8614655119319741
9 4 0.42366382453483276
9 5 0.7235059942104894
9 12 0.960571699606305
9 11 0.19092647498207682
9 8 0.17555304146723338
9 2 0.003995159471590015
9 13 0.31292181277633047
29 30 0.3101825696770363
13 12 0.4018586270029999
13 8 0.7159418508414498
13 7 0.3963589903447786
13 11 0.18849433441729724
13 4 0.6369085981491377
13 2 0.45908984788683604
13 5 0.263205275848715
22 28 0.9798567993606857
22 25 0.4448833236577636
22 27 0.5576107382267979
22 23 0.4622025391738197
22 36 0.6215689479672556
22 2 0.6900583362988126
22 24 0.4336180661619842
28 27 0.6248219416662822
28 2 0.7164501400256018
28 25 0.3203446498234026
25 5 0.8278723654987612
25 27 0.6376474038990882
25 24 0.9130378255569616
25 2 0.5774226253130222
25 37 0.5964812665844672
25 23 0.91741932643463
4 5 0.428534812458218
4 11 0.6457998786239444
4 8 0.5027209194422371
4 2 0.9599836487877673
4 12 0.23648910140806223
38 10 0.5070377800675181
38 39 0.842858352521892
38 40 0.3105319485110454
11 5 0.8448950189177014
11 8 0.044830328557252996
11 12 0.9492279251275306
11 2 0.6056357103979344
40 10 0.8841241628733172
40 41 0.34725157236191717
40 42 0.9095566629737147
40 39 0.5684938851342156
36 27 0.630466821886547
36 24 0.3240856820780137
10 8 0.45431143644589655
10 39 0.8372391371499087
41 42 0.3332135076979579
41 39 0.03877352766986353
2 8 0.07426512355239179
2 23 0.14656195154956475
2 20 0.4380866664339106
2 5 0.6120800705373339
2 7 0.4594590792568026
2 27 0.4189073429142268
2 12 0.24821663861292553
2 37 0.3035807879643273
2 24 0.015805447187375754
27 24 0.6469817157890326
5 37 0.5021963129148534
5 12 0.5559313365257303
5 8 0.9283131961471905
39 42 0.016794592310753087
35 12 0.651937583134453
8 12 0.13593998670123542
24 23 0.6440456604065068
