22 <--# of nodes, 32 edges
1 2 0.35684947822836877
1 3 0.562920648270464
1 4 0.6158248683485248
1 7 0.4272285856796051
1 5 0.8680455220320287
1 6 0.38057406635596047
1 8 0.20184317984009004
1 15 0.08070359597901955
1 9 0.6658824095267198
1 16 0.6856792975326881
2 4 0.8233206179646094
2 5 0.3171258809339268
3 6 0.052956656925975065
3 7 0.9063925305684531
4 8 0.4355291456694873
7 15 0.4782049700893187
5 8 0.9115428452190747
6 15 0.07082675183124132
8 9 0.7198304803662872
15 16 0.06570689596600587
9 10 0.7301909194350736
10 11 0.9731846698803561
11 12 0.6931317507271136
12 13 0.546219288515614
13 14 0.5087571704935312
14 22 0.5421513542236389
16 17 0.6874332063628116
17 18 0.6276234350987693
18 19 0.8531045056931712
19 20 0.1382470777955198
20 21 0.19943411613918982
21 22 0.4891773260924729
