20 <--# of nodes, 32 egdes
1 2 0.8494701591486227
1 3 0.8620185594287566
2 3 0.5548353662797987
2 4 0.16742261090032395
2 5 0.5500974630647211
4 7 0.8778624102187824
4 8 0.8599336210874013
4 9 0.7412929000475672
5 6 0.007431060566052694
6 7 0.21528173534178774
6 8 0.8640562403213822
6 9 0.08572633005360297
8 10 0.5334348456859703
8 11 0.9245274609057621
9 10 0.55294297402141
9 11 0.460133354876075
10 12 0.2527816410519781
11 16 0.9918903873454268
11 17 0.06688506196276522
11 18 0.7653529605007174
12 13 0.3556400423535402
12 14 0.7766852321621467
12 15 0.2806764996453597
14 16 0.6512237256691903
14 18 0.5128485858408766
15 16 0.08242536215454821
15 17 0.9564076701669745
16 20 0.8043637192140963
17 19 0.27561644177962585
17 20 0.4290638094732724
18 20 0.8635409937272229
19 20 0.42182002236675364
