13 <--# of nodes, 20 edges
1 3 0.19866250790265305
1 5 0.5560407319241294
1 6 0.04998761882903058
1 7 0.42347055504370124
1 8 0.564122880782677
1 9 0.4857359247942912
1 10 0.632596752445486
1 12 0.6881951500661193
2 3 0.061007697464137256
2 11 0.17936463677350634
3 4 0.03825583859335768
4 13 0.3470413005824754
5 11 0.9075454352586116
6 11 0.21959705071651314
7 11 0.576937620235289
8 13 0.07357017427143853
9 13 0.062307454553576
10 13 0.39472137645286887
11 12 0.002835398762155661
12 13 0.22890271003592821
