17 <--# of nodes, 122 edges
1 2 0.14426325675930218
1 3 0.10984352600352976
1 4 0.39549698126135124
1 5 0.6485506488516666
1 6 0.30607834837245695
1 7 0.011306347266356376
1 8 0.16425535842732464
1 9 0.47265822182034245
1 10 0.8367444191564941
1 11 0.1552315360732186
1 12 0.705861466396488
1 13 0.7412771921598299
1 14 0.00763092644180674
1 15 0.5583307900338444
1 16 0.7044946098692212
1 17 0.37149593448856566
2 3 0.07517304713198392
2 4 0.26125922835638793
2 5 0.705564805502471
2 7 0.16338485466359742
2 8 0.6210319747727965
2 9 0.9796373361478794
2 10 0.6136272483371535
2 11 0.5879202411940002
2 12 0.40164860306123407
2 13 0.3947745450318846
2 14 0.07067319646712678
2 15 0.9183796133683939
2 16 0.09405429997102166
2 17 0.6845426850347553
3 4 0.7553125229955778
3 5 0.9421411906430859
3 7 0.7010917005789838
3 8 0.6230718667533127
3 9 0.014451888953103897
3 10 0.17911227700327603
3 11 0.6666998451017804
3 12 0.8416879897266846
3 13 0.44934793278375984
3 14 0.48959829670829724
3 15 0.15348276895093216
3 16 0.15891255641939062
3 17 0.8499615290549066
4 5 0.7390681328674515
4 6 0.6754103017310915
4 7 0.4095467864258795
4 8 0.41224184557099697
4 9 0.8521948516404191
4 10 0.6003524892794783
4 11 0.6339980506953252
4 12 0.7855922579568979
4 13 0.8798419898734663
4 14 0.6164758649655259
4 15 0.6750982242838566
4 16 0.2253410733906941
4 17 0.062468249843008694
5 6 0.22170342494540207
5 8 0.23608792033453851
5 9 0.26991816127079105
5 10 0.6046899745508569
5 11 0.9283468990813795
5 12 0.9614120537235172
5 13 0.001161618290687172
5 14 0.8215672799781467
5 15 0.6222984858063394
5 16 0.713032384753576
5 17 0.12437381069621511
6 8 0.4897939167705875
6 10 0.2691943607594308
6 11 0.804614807160109
6 12 0.45616121588316505
6 15 0.7142622691626653
6 17 0.2786104250407122
7 8 0.08615566115159323
7 9 0.36714635269407525
7 10 0.025979876606834984
7 12 0.5675036450718447
7 13 0.9869255873211344
7 14 0.9877254247520799
7 16 0.28914094793552514
7 17 0.6434717523878777
8 9 0.68697150036356
8 10 0.30338268952560954
8 12 0.253553574196522
8 13 0.6764010158352791
8 14 0.726559714938575
8 15 0.7264313385918678
8 16 0.874004195969988
8 17 0.17450433197800552
9 10 0.03636578294922377
9 11 0.6965728134704529
9 12 0.6074719352997908
9 13 0.71930380952586
9 14 0.48808755587273855
9 15 0.5792362845852826
9 16 0.7585123561711837
9 17 0.024447317839805915
10 11 0.8989081081919988
10 12 0.12720736666590926
10 13 0.6651062357171227
10 14 0.5055397203970149
10 15 0.8299339510317361
10 16 0.7808819437882634
10 17 0.1474142808984259
11 12 0.45093082353287206
11 15 0.8992968622834083
11 17 0.6631083955318279
12 13 0.24563349616466723
12 14 0.10108706831265646
12 15 0.2999012713049035
12 16 0.767406123201694
12 17 0.8630227951910096
13 14 0.768290304931644
13 15 0.23498572212787183
13 16 0.0646761925868109
13 17 0.24499806466967133
14 15 0.8459661408005761
14 16 0.2749632577434201
14 17 0.2983640809399235
15 16 0.9211541791410282
15 17 0.33777142307739005
16 17 0.41130773266042475
