22 <--# of nodes, 35 edges
1 2 0.44216541659225506
1 3 0.4189184791625309
2 3 0.7975449303122043
2 4 0.14651092692323053
2 5 0.1149527366004236
4 6 0.015040222967604877
4 7 0.21506531461182865
4 8 0.7301559013524338
5 6 0.04717610431592423
5 8 0.633899481877989
5 9 0.7469560288085726
7 9 0.712843309690435
8 10 0.5981888945132884
9 11 0.4118418712170505
10 11 0.8319589291168175
10 12 0.9586431911234439
10 13 0.9770601178449941
11 15 0.20808337362028362
12 14 0.1499233818399217
12 16 0.2692632001214307
12 18 0.14793847869299137
13 14 0.7267419523211698
13 16 0.7162602203321544
14 18 0.6351060391125248
14 19 0.9652396313097046
14 20 0.30482556637654656
15 17 0.9578449331257931
15 19 0.5267885856757342
15 20 0.10914404753164175
16 21 0.7877400375705884
17 18 0.10618756073463564
17 21 0.12331402212666831
19 21 0.8690613257264449
20 21 0.8254479486931402
20 22 0.411465003049996
